0 3 6 9 12 15 18 21 24 27 30 33 36 39 42 45 48 51 54 57 60 63 66 69 72 75 78 81 84 87 90 93 96 99 102 105 108 111 114 117 120 123 126 129 132 135 138 141 144 147 150 153 156 159 162 165 168 171 174 177 180 183 186 189 192 195 198 201 204 207 210 213 216 219 222 225 228 231 234 237 240 243 246 249 252 255 258 261 264 267 270 273 276 279 282 285 288 291 294 297 300 303 306 309 312 315 318 321 324 327 330 333 336 339 342 345 348 351 354 357 360 363 366 369 372 375 378 381 384 387 390 393 396 399 402 405 408 411 414 417 420 423 426 429 432 435 438 441 444 447 450 453 456 459 462 465 468 471 474 477 480 483 486 489 492 495 498 501 504 507 510 513 516 519 522 525 528 531 534 537 540 543 546 549 552 555 558 561 564 567 570 573 576 579 582 585 588 591 594 597 600 603 606 609 612 615 618 621 624 627 630 633 636 639 642 645 648 651 654 657 660 663 666 669 672 675 678 681 684 687 690 693 696 699 702 705 708 711 714 717 720 723 726 729 732 735 738 741 744 747 750 753 756 759 762 765 768 771 774 777 780 783 786 789 792 795 798 801 804 807 810 813 816 819 822 825 828 831 834 837 840 843 846 849 852 855 858 861 864 867 870 873 876 879 882 885 888 891 894 897 900 903 906 909 912 915 918 921 924 927 930 933 936 939 942 945 948 951 954 957 960 963 966 969 972 975 978 981 984 987 990 993 996 999 1002 1005 1008 1011 1014 1017 1020 1023 1026 1029 1032 1035 1038 1041 1044 1047 1050 1053 1056 1059 1062 1065 1068 1071 1074 1077 1080 1083 1086 1089 1092 1095 1098 1101 1104 1107 1110 1113 1116 1119 1122 1125 1128 1131 1134 1137 1140 1143 1146 1149 1152 1155 1158 1161 1164 1167 1170 1173 1176 1179 1182 1185 1188 1191 1194 1197 1200 1203 1206 1209 1212 1215 1218 1221 1224 1227 1230 1233 1236 1239 1242 1245 1248 1251 1254 1257 1260 1263 1266 1269 1272 1275 1278 1281 1284 1287 1290 1293 1296 1299 1302 1305 1308 1311 1314 1317 1320 1323 1326 1329 1332 1335 1338 1341 1344 1347 1350 1353 1356 1359 1362 1365 1368 1371 1374 1377 1380 1383 1386 1389 1392 1395 1398 1401 1404 1407 1410 1413 1416 1419 1422 1425 1428 1431 1434 1437 1440 1443 1446 1449 1452 1455 1458 1461 1464 1467 1470 1473 1476 1479 1482 1485 1488 1491 1494 1497 1500 1503 1506 1509 1512 1515 1518 1521 1524 1527 1530 1533 1536 1539 1542 1545 1548 1551 1554 1557 1560 1563 1566 1569 1572 1575 1578 1581 1584 1587 1590 1593 1596 1599 1602 1605 1608 1611 1614 1617 1620 1623 1626 1629 1632 1635 1638 1641 1644 1647 1650 1653 1656 1659 1662 1665 1668 1671 1674 1677 1680 1683 1686 1689 1692 1695 1698 1701 1704 1707 1710 1713 1716 1719 1722 1725 1728 1731 1734 1737 1740 1743 1746 1749 1752 1755 1758 1761 1764 1767 1770 1773 1776 1779 1782 1785 1788 1791 1794 1797 1800 1803 1806 1809 1812 1815 1818 1821 1824 1827 1830 1833 1836 1839 1842 1845 1848 1851 1854 1857 1860 1863 1866 1869 1872 1875 1878 1881 1884 1887 1890 1893 1896 1899 1902 1905 1908 1911 1914 1917 1920 1923 1926 1929 1932 1935 1938 1941 1944 1947 1950 1953 1956 1959 1962 1965 1968 1971 1974 1977 1980 1983 1986 1989 1992 1995 1998 2001 2004 2007 2010 2013 2016 2019 2022 2025 2028 2031 2034 2037 2040 2043 2046 2049 2052 2055 2058 2061 2064 2067 2070 2073 2076 2079 2082 2085 2088 2091 2094 2097 2100 2103 2106 2109 2112 2115 2118 2121 2124 2127 2130 2133 2136 2139 2142 2145 2148 2151 2154 2157 2160 2163 2166 2169 2172 2175 2178 2181 2184 2187 2190 2193 2196 2199 2202 2205 2208 2211 2214 2217 2220 2223 2226 2229 2232 2235 2238 2241 2244 2247 2250 2253 2256 2259 2262 2265 2268 2271 2274 2277 2280 2283 2286 2289 2292 2295 2298 2301 2304 2307 2310 2313 2316 2319 2322 2325 2328 2331 2334 2337 2340 2343 2346 2349 2352 2355 2358 2361 2364 2367 2370 2373 2376 2379 2382 2385 2388 2391 2394 2397 2400 2403 2406 2409 2412 2415 2418 2421 2424 2427 2430 2433 2436 2439 2442 2445 2448 2451 2454 2457 2460 2463 2466 2469 2472 2475 2478 2481 2484 2487 2490 2493 2496 2499 2502 2505 2508 2511 2514 2517 2520 2523 2526 2529 2532 2535 2538 2541 2544 2547 2550 2553 2556 2559 2562 2565 2568 2571 2574 2577 2580 2583 2586 2589 2592 2595 2598 2601 2604 2607 2610 2613 2616 2619 2622 2625 2628 2631 2634 2637 2640 2643 2646 2649 2652 2655 2658 2661 2664 2667 2670 2673 2676 2679 2682 2685 2688 2691 2694 2697 2700 2703 2706 2709 2712 2715 2718 2721 2724 2727 2730 2733 2736 2739 2742 2745 2748 2751 2754 2757 2760 2763 2766 2769 2772 2775 2778 2781 2784 2787 2790 2793 2796 2799 2802 2805 2808 2811 2814 2817 2820 2823 2826 2829 2832 2835 2838 2841 2844 2847 2850 2853 2856 2859 2862 2865 2868 2871 2874 2877 2880 2883 2886 2889 2892 2895 2898 2901 2904 2907 2910 2913 2916 2919 2922 2925 2928 2931 2934 2937 2940 2943 2946 2949 2952 2955 2958 2961 2964 2967 2970 2973 2976 2979 2982 2985 2988 2991 2994 2997 3000 3003 3006 3009 3012 3015 3018 3021 3024 3027 3030 3033 3036 3039 3042 3045 3048 3051 3054 3057 3060 3063 3066 3069 3072 3075 3078 3081 3084 3087 3090 3093 3096 3099 3102 3105 3108 3111 3114 3117 3120 3123 3126 3129 3132 3135 3138 3141 3144 3147 3150 3153 3156 3159 3162 3165 3168 3171 3174 3177 3180 3183 3186 3189 3192 3195 3198 3201 3204 3207 3210 3213 3216 3219 3222 3225 3228 3231 3234 3237 3240 3243 3246 3249 3252 3255 3258 3261 3264 3267 3270 3273 3276 3279 3282 3285 3288 3291 3294 3297 3300 3303 3306 3309 3312 3315 3318 3321 3324 3327 3330 3333 3336 3339 3342 3345
0 3 6 9 12 15 18 21 24 27 30 33 36 39 42 45 48 51 54 57 60 63 66 69 72 75 78 81 84 87 90 93 96 99 102 105 108 111 114 117 120 123 126 129 132 135 138 141 144 147 150 153 156 159 162 165 168 171 174 177 180 183 186 189 192 195 198 201 204 207 210 213 216 219 222 225 228 231 234 237 240 243 246 249 252 255 258 261 264 267 270 273 276 279 282 285 288 291 294 297 300 303 306 309 312 315 318 321 324 327 330 333 336 339 342 345 348 351 354 357 360 363 366 369 372 375 378 381 384 387 390 393 396 399 402 405 408 411 414 417 420 423 426 429 432 435 438 441 444 447 450 453 456 459 462 465 468 471 474 477 480 483 486 489 492 495 498 501 504 507 510 513 516 519 522 525 528 531 534 537 540 543 546 549 552 555 558 561 564 567 570 573 576 579 582 585 588 591 594 597 600 603 606 609 612 615 618 621 624 627 630 633 636 639 642 645 648 651 654 657 660 663 666 669 672 675 678 681 684 687 690 693 696 699 702 705 708 711 714 717 720 723 726 729 732 735 738 741 744 747 750 753 756 759 762 765 768 771 774 777 780 783 786 789 792 795 798 801 804 807 810 813 816 819 822 825 828 831 834 837 840 843 846 849 852 855 858 861 864 867 870 873 876 879 882 885 888 891 894 897 900 903 906 909 912 915 918 921 924 927 930 933 936 939 942 945 948 951 954 957 960 963 966 969 972 975 978 981 984 987 990 993 996 999 1002 1005 1008 1011 1014 1017 1020 1023 1026 1029 1032 1035 1038 1041 1044 1047 1050 1053 1056 1059 1062 1065 1068 1071 1074 1077 1080 1083 1086 1089 1092 1095 1098 1101 1104 1107 1110 1113 1116 1119 1122 1125 1128 1131 1134 1137 1140 1143 1146 1149 1152 1155 1158 1161 1164 1167 1170 1173 1176 1179 1182 1185 1188 1191 1194 1197 1200 1203 1206 1209 1212 1215 1218 1221 1224 1227 1230 1233 1236 1239 1242 1245 1248 1251 1254 1257 1260 1263 1266 1269 1272 1275 1278 1281 1284 1287 1290 1293 1296 1299 1302 1305 1308 1311 1314 1317 1320 1323 1326 1329 1332 1335 1338 1341 1344 1347 1350 1353 1356 1359 1362 1365 1368 1371 1374 1377 1380 1383 1386 1389 1392 1395 1398 1401 1404 1407 1410 1413 1416 1419 1422 1425 1428 1431 1434 1437 1440 1443 1446 1449 1452 1455 1458 1461 1464 1467 1470 1473 1476 1479 1482 1485 1488 1491 1494 1497 1500 1503 1506 1509 1512 1515 1518 1521 1524 1527 1530 1533 1536 1539 1542 1545 1548 1551 1554 1557 1560 1563 1566 1569 1572 1575 1578 1581 1584 1587 1590 1593 1596 1599 1602 1605 1608 1611 1614 1617 1620 1623 1626 1629 1632 1635 1638 1641 1644 1647 1650 1653 1656 1659 1662 1665 1668 1671 1674 1677 1680 1683 1686 1689 1692 1695 1698 1701 1704 1707 1710 1713 1716 1719 1722 1725 1728 1731 1734 1737 1740 1743 1746 1749 1752 1755 1758 1761 1764 1767 1770 1773 1776 1779 1782 1785 1788 1791 1794 1797 1800 1803 1806 1809 1812 1815 1818 1821 1824 1827 1830 1833 1836 1839 1842 1845 1848 1851 1854 1857 1860 1863 1866 1869 1872 1875 1878 1881 1884 1887 1890 1893 1896 1899 1902 1905 1908 1911 1914 1917 1920 1923 1926 1929 1932 1935 1938 1941 1944 1947 1950 1953 1956 1959 1962 1965 1968 1971 1974 1977 1980 1983 1986 1989 1992 1995 1998 2001 2004 2007 2010 2013 2016 2019 2022 2025 2028 2031 2034 2037 2040 2043 2046 2049 2052 2055 2058 2061 2064 2067 2070 2073 2076 2079 2082 2085 2088 2091 2094 2097 2100 2103 2106 2109 2112 2115 2118 2121 2124 2127 2130 2133 2136 2139 2142 2145 2148 2151 2154 2157 2160 2163 2166 2169 2172 2175 2178 2181 2184 2187 2190 2193 2196 2199 2202 2205 2208 2211 2214 2217 2220 2223 2226 2229 2232 2235 2238 2241 2244 2247 2250 2253 2256 2259 2262 2265 2268 2271 2274 2277 2280 2283 2286 2289 2292 2295 2298 2301 2304 2307 2310 2313 2316 2319 2322 2325 2328 2331 2334 2337 2340 2343 2346 2349 2352 2355 2358 2361 2364 2367 2370 2373 2376 2379 2382 2385 2388 2391 2394 2397 2400 2403 2406 2409 2412 2415 2418 2421 2424 2427 2430 2433 2436 2439 2442 2445 2448 2451 2454 2457 2460 2463 2466 2469 2472 2475 2478 2481 2484 2487 2490 2493 2496 2499 2502 2505 2508 2511 2514 2517 2520 2523 2526 2529 2532 2535 2538 2541 2544 2547 2550 2553 2556 2559 2562 2565 2568 2571 2574 2577 2580 2583 2586 2589 2592 2595 2598 2601 2604 2607 2610 2613 2616 2619 2622 2625 2628 2631 2634 2637 2640 2643 2646 2649 2652 2655 2658 2661 2664 2667 2670 2673 2676 2679 2682 2685 2688 2691 2694 2697 2700 2703 2706 2709 2712 2715 2718 2721 2724 2727 2730 2733 2736 2739 2742 2745 2748 2751 2754 2757 2760 2763 2766 2769 2772 2775 2778 2781 2784 2787 2790 2793 2796 2799 2802 2805 2808 2811 2814 2817 2820 2823 2826 2829 2832 2835 2838 2841 2844 2847 2850 2853 2856 2859 2862 2865 2868 2871 2874 2877 2880 2883 2886 2889 2892 2895 2898 2901 2904 2907 2910 2913 2916 2919 2922 2925 2928 2931 2934 2937 2940 2943 2946 2949 2952 2955 2958 2961 2964 2967 2970 2973 2976 2979 2982 2985 2988 2991 2994 2997 3000 3003 3006 3009 3012 3015 3018 3021 3024 3027 3030 3033 3036 3039 3042 3045 3048 3051 3054 3057 3060 3063 3066 3069 3072 3075 3078 3081 3084 3087 3090 3093 3096 3099 3102 3105 3108 3111 3114 3117 3120 3123 3126 3129 3132 3135 3138 3141 3144 3147 3150 3153 3156 3159 3162 3165 3168 3171 3174 3177 3180 3183 3186 3189 3192 3195 3198 3201 3204 3207 3210 3213 3216 3219 3222 3225 3228 3231 3234 3237 3240 3243 3246 3249 3252 3255 3258 3261 3264 3267 3270 3273 3276 3279 3282 3285 3288 3291 3294 3297 3300 3303 3306 3309 3312 3315 3318 3321 3324 3327 3330 3333 3336 3339 3342 3345
0 0
4305.1100872614761 -2413.164781959023 3629.909886936302 -2413.164781959023 5697.3752431059793 1782.4759402515374 3629.909886936302 1782.4759402515376 6827.823237014336
1 1
12583.847310964864 3094.0301477772514 2970.0856615869752 3094.0301477772514 5931.4961469469217 -5031.2227614152116 2970.0856615869752 -5031.2227614152116 8676.3876437301515
2 2
14367.324155621787 5190.0011656403803 10081.129964374199 5190.0011656403813 15456.299774768748 -1981.741137759941 10081.129964374199 -1981.741137759941 11436.482741923406
3 3
3528.2322987184789 -2794.5986895649535 -1634.2140562369621 -2794.5986895649535 3268.57070241872 -950.10047434253454 -1634.2140562369614 -950.10047434253443 6789.9832574324428
4 4
1548.3716279954986 -1441.7217566024101 -1437.5459287950509 -1441.7217566024101 2558.7430185965954 -383.30878171848872 -1437.5459287950512 -383.30878171848877 4020.0568238022388
5 5
9447.0549679229462 -2091.0477430777555 -5419.4832422484296 -2091.047743077756 7651.6544086931681 -2964.1809571229769 -5419.4832422484296 -2964.1809571229769 6653.8529488947106
6 6
28589.728121024305 490.39886175934419 -45.511081706470023 490.39886175934419 4039.3947115909873 7670.3792505554857 -45.511081706470165 7670.3792505554857 29221.336268144398
7 7
15323.837355972151 4825.5032079993516 265.39326677437617 4825.5032079993516 2263.6167144569181 -550.25641536235423 265.39326677437595 -550.25641536235412 18759.602883241958
8 8
4346.2549939226583 -3386.5925877626178 -1454.1663988902126 -3386.5925877626182 3246.1332558261511 -798.12635596678047 -1454.1663988902126 -798.12635596678058 8317.5937960093033
9 9
13697.37146394867 871.4137636362168 53.643079005879265 871.4137636362168 766.395935336001 -525.24265691428968 53.643079005879322 -525.24265691428991 14814.015365163474
10 10
14764.008093549179 3368.3801050796783 -418.35929624790475 3368.3801050796783 1820.7163361963255 1628.8990197658409 -418.35929624790481 1628.8990197658411 17221.697126871484
11 11
11202.679511980266 4017.3172902926954 3241.334231239744 4017.3172902926954 5338.1240581960401 -4136.5340252489941 3241.3342312397444 -4136.534025248995 10419.382576311331
12 12
10578.322162306767 5369.2950922725286 7492.3195577186434 5369.2950922725295 10407.050819937303 -3539.109222582767 7492.3195577186443 -3539.1092225827674 14209.684607590232
13 13
1012.1961501093797 -973.44062580378954 -613.54053205139303 -973.44062580378954 1307.1522928141048 -258.68634293309412 -613.54053205139292 -258.68634293309412 2526.212893232394
14 14
2149.4817694399044 -641.14200182383786 -2397.0999446907349 -641.14200182383786 3111.2355866282519 -931.27455218325031 -2397.0999446907349 -931.27455218325042 4085.9372486637189
15 15
36371.298258437469 -521.69434073940874 1416.289492758392 -521.69434073940829 21406.799107975552 15760.607374920754 1416.289492758392 15760.607374920754 16079.010678118691
16 16
8413.9703878419532 -6625.2508327246587 2726.2102980672985 -6625.2508327246605 7201.8989152667382 2780.7201371682172 2726.2102980672985 2780.7201371682172 15792.282328598885
17 17
8585.8335326839642 -4368.5263278110033 -1254.5666232975273 -4368.5263278110033 3038.4102466078275 -1203.7885170502122 -1254.5666232975273 -1203.7885170502122 12127.200310606866
18 18
23386.615835027129 -7891.041362680764 -2148.8218884725034 -7891.041362680764 4290.6312850826271 -2632.8436699588669 -2148.8218884725038 -2632.8436699588669 29706.518566301998
19 19
3618.5450952504266 2322.2033372373371 826.799646846727 2322.2033372373371 2193.0885289418179 -754.34038245074589 826.799646846727 -754.34038245074589 5937.9486716923038
20 20
6944.1674987754741 -5277.7895747289085 22.059160653054587 -5277.7895747289085 4423.5396210342005 436.72672821480586 22.059160653054562 436.72672821480592 13480.934686418903
21 21
5812.0490115718976 -4780.6124874965126 1139.9626656987543 -4780.6124874965126 4646.1101381203262 1083.3335660431155 1139.9626656987546 1083.3335660431155 12038.907799580027
22 22
24235.78779967067 -8683.8308836457418 932.83844121577829 -8683.8308836457418 4793.7638210157047 3438.6135802439894 932.83844121577852 3438.6135802439894 31405.127439174885
23 23
13023.564836540854 -6933.9729139031624 289.58601035167311 -6933.9729139031615 4500.6285613272539 1698.7914107614774 289.58601035167322 1698.7914107614774 19936.847673336662
24 24
20319.420285673976 4297.896159320404 2984.5246462407035 4297.8961593204031 6877.9329568447029 -7961.4173884385691 2984.5246462407035 -7961.4173884385682 15520.746469312644
25 25
16274.414205697853 -7090.2469302542304 -8254.7522593164085 -7090.2469302542304 10926.645927627957 -6351.1110254932028 -8254.7522593164085 -6351.1110254932028 18994.356375696701
26 26
9994.4365119682625 -7103.5073788575655 -3110.193935761898 -7103.5073788575673 6501.1984310326316 -1977.9304152439217 -3110.1939357618985 -1977.9304152439215 18534.647401665607
27 27
7344.5862349467043 -6133.8088436140561 -550.14733009513975 -6133.8088436140561 5471.2833410501653 175.64277386992734 -550.14733009513975 175.64277386992737 15033.212117102565
28 28
9185.2975228450505 4203.415123200969 7954.3052343405134 4203.415123200969 12132.74675757966 -912.86936416512879 7954.3052343405134 -912.86936416512901 9986.820645988686
29 29
61067.246992745735 415.30479511487761 6682.0828178435759 415.30479511487783 39168.589188426609 -14668.901947625225 6682.0828178435759 -14668.901947625225 9699.0609866436535
30 30
30804.113644023113 -14151.012613477329 20057.566179759262 -14151.012613477329 30848.547201096899 14972.658341851404 20057.566179759258 14972.658341851404 42363.278399128969
31 31
11170.256439342151 7325.9922989287807 488.27550322994671 7325.9922989287807 6275.7907387098021 142.0298542796356 488.27550322994642 142.02985427963554 20784.729457621972
32 32
20981.358460771557 -11823.967010244305 -2749.6789332426279 -11823.967010244305 8521.7134955425827 -2699.5622517086758 -2749.6789332426279 -2699.5622517086758 32639.483383922125
33 33
49369.79822542976 4704.6160063111902 322.65421037194301 4704.6160063111902 3505.8391909289871 -2339.4763173828392 322.6542103719425 -2339.4763173828392 55049.006911224344
34 34
50515.925587627004 -7363.3457972365413 1096.4978034572553 -7363.3457972365413 5070.928779830263 6897.9553774930655 1096.497803457255 6897.9553774930655 57285.077996818356
35 35
17416.907435223671 -16203.026573104289 8170.4162827066566 -16203.026573104291 21003.005360522129 5824.9276277539402 8170.4162827066566 5824.9276277539411 44681.467888051891
36 36
3835.8579252257946 -3690.453509746595 -4081.7397193673928 -3690.453509746596 7237.8388215604164 -1174.608519729961 -4081.7397193673928 -1174.6085197299615 12092.671217018047
37 37
19016.387797658306 11392.273673710992 5622.2274238430609 11392.273673710992 11461.479859490646 -5637.399234665756 5622.22742384306 -5637.3992346657578 28016.283844546288
38 38
69031.204030516688 -1874.1840772561977 -2557.3720476850481 -1874.1840772561977 13698.104539508029 -23769.507645881964 -2557.3720476850485 -23769.50764588196 59576.09347184989
39 39
12950.42876829434 4859.0189846019193 6668.4606515881278 4859.0189846019193 10697.108473848712 -4460.2192683850571 6668.4606515881278 -4460.219268385059 9455.605238680786
40 40
31658.81858485231 25720.436009831443 -6291.9522547317756 25720.436009831439 26953.250734188634 6896.5405611423766 -6291.9522547317756 6896.5405611423757 68179.331876060271
41 41
55251.346075025474 21655.257822143107 3474.710926213887 21655.257822143107 12172.435937683964 -4623.1204101850954 3474.7109262138874 -4623.1204101850963 72570.326235940156
42 42
20554.827200916694 -13114.7801212103 273.11475062986682 -13114.780121210297 9254.339579143787 793.26998744867592 273.11475062986676 793.26998744867603 33224.292014870305
43 43
58000.142808721575 10744.923817866427 348.63051441907328 10744.923817866427 5504.0615552953968 68.889128775939867 348.63051441907419 68.889128775940065 66611.560414211228
44 44
43042.976528067011 19075.162545602943 -1918.951526399298 19075.162545602943 12076.650875413858 4381.6340326805212 -1918.9515263992989 4381.6340326805212 59337.46621746102
45 45
70261.128912324217 4243.7869470445585 803.27806098375629 4243.7869470445585 6687.4926180813909 -13274.037292365574 803.27806098375731 -13274.037292365574 72283.225894129559
46 46
80903.861449207121 6807.9470347771376 369.36163331102097 6807.9470347771376 5696.4449530819666 -4045.4860143140381 369.36163331102114 -4045.4860143140381 89080.760872724073
47 47
147795.89235054696 -2341.1678165078788 4943.8450659448736 -2341.1678165078815 76797.848787568117 62432.463383227543 4943.8450659448727 62432.463383227543 71669.508683520558
48 48
3508.5843259546027 -2371.0490364231982 -5682.7932700568535 -2371.0490364231987 9124.4546163430223 -97.502816184516746 -5682.7932700568526 -97.502816184516689 11711.821565006299
49 49
19353.758017102293 -6548.0460148811417 -17821.657501146045 -6548.0460148811426 21342.012107644179 -3466.8974398810096 -17821.657501146041 -3466.8974398810096 22728.442021723262
50 50
11316.247073150827 -4771.2095202149976 -7024.6847304951507 -4771.2095202149985 8817.3099901628102 -4714.874468353566 -7024.6847304951516 -4714.8744683535651 14776.833905411711
51 51
21613.474543447948 7532.0323534032959 15876.409829367214 7532.0323534032968 22315.452965008317 -3114.9912892363609 15876.409829367214 -3114.9912892363614 17663.172721503001
52 52
30590.076638360413 -13480.884156736207 -15482.162494324793 -13480.884156736209 20751.88222008674 -11941.266100590703 -15482.162494324792 -11941.266100590703 35650.175030348335
53 53
17136.642600611787 -7348.9776749608754 -6389.5997006466932 -7348.9776749608754 7908.2970233715396 -5978.0007057311605 -6389.5997006466932 -5978.0007057311614 21605.667466856488
54 54
36395.084338098706 22354.450880880449 12181.910860215454 22354.450880880449 23122.449881001703 -10216.245355137609 12181.910860215454 -10216.245355137609 53973.417300802881
55 55
59265.286063091902 31593.973046241616 18002.605797188371 31593.973046241616 32221.602030149596 -17367.102051558428 18002.605797188375 -17367.102051558431 84060.450240985025
56 56
50905.663976337892 -25050.602325846594 -8102.9227506649358 -25050.602325846594 16919.861755298891 -6751.4051308750895 -8102.922750664934 -6751.4051308750895 75959.039760681291
57 57
42783.312420107468 -30657.554323646058 903.95796676750865 -30657.554323646058 24374.723951267151 2111.0966043682442 903.95796676750899 2111.0966043682438 77654.439363061727
58 58
146192.69128738149 2828.2361445182196 -1263.6781391013346 2828.2361445182169 71494.001049220242 65448.509897101329 -1263.678139101336 65448.509897101329 84733.143737449689
59 59
82874.66754521057 17217.409242506841 -2606.3791775899472 17217.409242506841 9882.6172892997329 10927.663578053391 -2606.3791775899467 10927.663578053391 95394.126331213803
60 60
56012.109174656573 21765.042376629288 -6744.5589908314278 21765.042376629292 13619.067952709653 12763.859737575824 -6744.5589908314287 12763.859737575824 68187.047016472221
61 61
3765.2648961225241 -3185.634306381668 -948.38096378782882 -3185.6343063816676 2929.0355760526113 -440.34037689433876 -948.3809637878287 -440.34037689433899 7997.5146940070936
62 62
20252.919811023959 -5604.5730963541109 12615.40836374848 -5604.57309635411 18336.584936205825 9553.6464125429993 12615.40836374848 9553.6464125429993 19449.370828689516
63 63
77500.019504851865 11319.178125637385 -15146.220114493397 11319.178125637383 37437.927851438617 32301.526633176054 -15146.220114493397 32301.526633176054 46357.318192006671
64 64
112471.85807827335 -10807.529726680346 -16504.691589003498 -10807.529726680346 65078.800737215315 -35188.840451157266 -16504.691589003502 -35188.840451157266 32791.58019030797
65 65
35286.79677066765 3410.2694085094236 4259.897940995409 3410.2694085094236 16169.472332027472 -13110.408739663842 4259.897940995409 -13110.408739663842 13180.85567805438
66 66
39817.759966617676 -14665.518802289196 -20654.385393465363 -14665.518802289196 27834.050980224703 -17414.170974041506 -20654.385393465363 -17414.170974041506 43593.864890197467
67 67
133430.65077527685 -15021.113593003844 -5680.6410115370036 -15021.113593003844 13032.797125940137 -23129.60104033734 -5680.6410115370045 -23129.601040337344 142614.13120309712
68 68
119733.86531826144 -43117.052561751232 -10985.151296054697 -43117.052561751232 23999.561684827593 -13593.07197852677 -10985.151296054697 -13593.07197852677 153827.83385025914
69 69
104528.35033726026 22151.606740463529 5428.2450239342725 22151.606740463529 14324.074717107967 -17118.30583996994 5428.2450239342734 -17118.30583996994 117517.51584144979
70 70
40667.440310005404 22563.428622954179 4971.7606595787047 22563.428622954179 15417.007411944645 -6595.8791410970744 4971.7606595787038 -6595.8791410970734 55358.748714990172
71 71
147604.25089455445 15319.698389251767 -1936.0486811406029 15319.698389251767 9949.9278751759357 15455.18125080063 -1936.0486811406038 15455.18125080063 161607.69271611443
72 72
88266.927564533209 38222.999432747049 -3763.3314439915143 38222.999432747049 23634.690264690638 9036.3056029104955 -3763.3314439915139 9036.3056029104955 122128.49004385527
73 73
93020.363322845515 9940.4802182972489 -17213.384988685186 9940.4802182972489 52163.958237889135 41859.703914052501 -17213.384988685186 41859.703914052501 50609.834729712362
74 74
164536.94865352541 48018.318247626921 -38254.425922788396 48018.318247626921 69188.897323183686 68019.193873965254 -38254.425922788403 68019.193873965254 171258.56209797587
75 75
126889.48456518138 -7611.2626439325531 34555.330898035914 -7611.262643932555 82352.739277213506 42627.9050949499 34555.330898035907 42627.9050949499 45481.104770025609
76 76
132851.27283306024 16537.705840200688 39479.20619445487 16537.705840200688 78057.669530997227 -43263.216551014892 39479.206194454877 -43263.216551014892 50452.369032282884
77 77
202411.27052947634 11386.787729807826 51971.86544630889 11386.787729807827 121688.54216199132 -57756.829133585416 51971.86544630889 -57756.829133585416 62328.597512670429
78 78
40537.201630174459 -16870.971341627181 -24923.701122508479 -16870.971341627181 30698.73471650479 -14170.18418025852 -24923.701122508479 -14170.18418025852 44701.48537050392
79 79
74150.643649308899 20219.18450151405 36755.284667668078 20219.18450151405 52307.593112701048 -17938.556636967431 36755.284667668078 -17938.556636967431 40016.930016715058
80 80
44690.523789820283 16326.448304511761 26584.514644570812 16326.448304511761 36861.639074857245 -14111.185538611526 26584.514644570809 -14111.185538611528 36858.573001853765
81 81
9582.1426458253663 1175.1862287512147 8733.1237081615618 1175.1862287512145 8648.8902911776258 -545.34987097384703 8733.1237081615618 -545.34987097384692 8561.3884367024311
82 82
62113.665089520015 -2932.3421195351129 823.77931147251456 -2932.3421195351129 4470.5133272081848 -5016.5498398263098 823.77931147251456 -5016.5498398263098 67536.132642137862
83 83
144226.70237897005 -18670.498654017312 2125.8036083777888 -18670.498654017312 12583.609783152038 19735.794475070139 2125.8036083777897 19735.794475070139 160344.42534001792
84 84
139623.0959601744 14164.739321929164 7213.2219670492168 14164.739321929164 19633.7475097762 -37818.375984225248 7213.2219670492177 -37818.375984225248 136198.0827701927
85 85
91097.291337899806 -35701.061086728099 -16187.618999995797 -35701.061086728099 26759.7472883429 -23476.328157819371 -16187.618999995795 -23476.328157819371 116985.25164692185
86 86
108981.52826293958 56842.703277110355 -9405.9524407943391 56842.703277110355 37605.231836532454 15226.78663992785 -9405.9524407943372 15226.78663992785 169675.22083486416
87 87
68278.445826135983 49065.975272739684 -15903.969637201579 49065.975272739684 47195.082741818245 17568.041629317471 -15903.969637201577 17568.041629317468 132271.47351541361
88 88
78834.568861765496 -17673.951335788661 8957.0270952766205 -17673.951335788661 17868.854499636655 24372.157526306954 8957.0270952766223 24372.157526306954 81134.109697294538
89 89
53349.963953443737 -36062.698157052306 -2122.4882154027064 -36062.698157052306 27023.224161341692 -1862.8299034221664 -2122.4882154027059 -1862.8299034221673 92306.421254671324
90 90
202100.73675553963 2715.0042966342644 -4360.6490453113765 2715.0042966342662 107561.58304367182 79702.905967324114 -4360.6490453113729 79702.905967324114 82207.411377316341
91 91
90673.758482536417 -12865.691926365223 18513.018462686876 -12865.691926365223 41006.747741820538 42811.861865717481 18513.018462686876 42811.861865717481 65236.958367974934
92 92
61871.860632311036 19242.477112988083 48558.737236826986 19242.477112988083 63625.91660565335 -8910.3228411204218 48558.737236826986 -8910.32284112042 53196.461863577802
93 93
86696.424891369781 -13796.888246114977 -50445.78985020065 -13796.888246114977 64728.12024708934 -27159.081422246778 -50445.789850200643 -27159.081422246778 54880.33791573831
94 94
98170.462118081385 -4574.8747059240177 -21500.866905805695 -4574.8747059240168 64004.686610899116 -24732.454313037324 -21500.866905805695 -24732.454313037324 20613.4239302518
95 95
22747.329783138313 4909.9508873384711 14019.464419954355 4909.9508873384702 21053.425819016182 -2283.9398825624944 14019.464419954355 -2283.9398825624939 10789.360301163304
96 96
42428.427132302502 -19212.12174440128 40941.998175877961 -19212.12174440128 58147.739728231049 20974.147235322627 40941.998175877961 20974.147235322627 76116.045213157733
97 97
134467.17108171905 -13721.11211737003 -1124.728327216277 -13721.11211737003 8199.3910147477272 -3989.9199348758593 -1124.7283272162772 -3989.9199348758602 149547.95090038827
98 98
56585.026425415483 21063.38444526949 9226.5859679855603 21063.38444526949 17329.201367376005 -15357.095368315271 9226.5859679855585 -15357.095368315271 65359.891162857311
99 99
45430.939591493181 2945.5747381620376 -3976.6072013686617 2945.5747381620381 28452.286697892945 14634.418371654143 -3976.6072013686608 14634.418371654141 13057.290850846957
100 100
160320.47183548266 1188.9794021272692 -14488.004192096316 1188.9794021272692 103486.57263817287 58290.377710829453 -14488.004192096316 58290.377710829453 44240.105490300877
101 101
9061.4720714060313 2282.2421589521941 6033.0444241303621 2282.2421589521937 9039.4072312688986 -1604.5969681271415 6033.0444241303621 -1604.5969681271417 5643.7020829466674
102 102
12944.909085880854 4167.260550827642 7179.5424946287912 4167.2605508276429 11895.055410866971 -2351.1325939315775 7179.5424946287912 -2351.132593931578 6791.5925297247422
103 103
30809.500710203294 17930.658632904906 -29221.969299277807 17930.658632904906 48534.279122604734 12831.901597993488 -29221.969299277807 12831.901597993488 59123.184518519898
104 104
1263.4641707615463 -1895.9724493103736 -1307.0222959518374 -1895.9724493103736 3836.1541937001361 -250.33855628795698 -1307.0222959518374 -250.33855628795703 6814.3881030618013
105 105
35329.28827872347 -8827.8624155357229 -24886.826359997427 -8827.8624155357229 33587.568427342143 -9709.0198892651915 -24886.826359997427 -9709.0198892651915 29496.360911800642
106 106
141439.44370365838 1473.9438560585613 -9846.6656154043358 1473.9438560585613 78845.506156520831 55808.204608831744 -9846.6656154043358 55808.204608831744 50859.829561956722
107 107
2365.6270399198806 1973.8551519847115 -313.55655895035079 1973.8551519847115 1855.1618120813512 339.10995366647899 -313.55655895035079 339.10995366647893 5004.75321234701
108 108
14567.753262721943 8601.5243036814263 3889.2840856219282 8601.5243036814263 8018.4105649201783 -4013.4898939734762 3889.2840856219277 -4013.4898939734762 19537.717303937217
109 109
5402.3690285492448 2675.1051581494694 424.93970689431501 2675.1051581494694 1856.6870373487889 -546.97519720432877 424.93970689431495 -546.97519720432877 7447.767237403943
110 110
50603.276010381982 -6556.547504168916 8227.5477976073198 -6556.5475041689169 18472.482736686667 19624.283858399289 8227.5477976073216 19624.283858399289 38992.437075204289
111 111
92360.120409631432 -3495.0015735247598 6864.5232924804241 -3495.0015735247607 30878.387678518575 38241.700455020837 6864.5232924804268 38241.700455020844 75323.887054934094
112 112
2167.9588093921234 449.3924750013374 -54.113446848391391 449.3924750013374 145.04109474826643 182.95352608248783 -54.113446848391391 182.95352608248783 2401.9868323083133
113 113
69827.387173945637 15512.663739243089 18626.107877003433 15512.663739243095 33225.098842029889 -28634.330865434131 18626.107877003433 -28634.330865434131 48637.754419786419
114 114
70211.992159453584 -7833.5642581306665 -11394.317267755783 -7833.5642581306665 37368.753763153807 -26744.088518439243 -11394.317267755785 -26744.088518439239 28791.24194319126
115 115
28863.89843272265 -4520.5817957422514 -1766.0204292047513 -4520.5817957422514 3391.477977999898 -5616.2565664645499 -1766.0204292047513 -5616.2565664645499 30854.00600739221
116 116
12078.068317364092 -5733.0741397128841 -2212.2353993055822 -5733.0741397128841 4378.5964728570634 -2756.2536173840463 -2212.2353993055822 -2756.2536173840463 16609.91037383609
117 117
20267.828942078788 -6929.8053324135426 -2791.8228830476419 -6929.8053324135426 4805.6236579284896 -4430.7454987667543 -2791.8228830476419 -4430.7454987667543 25050.903151257076
118 118
39329.864465131148 2003.3490364757092 179.5135253125606 2003.3490364757092 3989.8099378816087 -8033.4386664904914 179.51352531256094 -8033.4386664904914 40432.931516532612
119 119
29993.098777910927 -1461.5298423773047 -1483.7977942020173 -1461.5298423773047 6201.1396257404685 -10478.781460095252 -1483.7977942020175 -10478.78146009525 25625.396812677249
120 120
66067.931900994867 -7394.6736082951493 -2656.8398277122892 -7394.6736082951493 6650.7061654419076 -11924.884389221623 -2656.8398277122888 -11924.884389221625 70372.759168158867
121 121
81400.239393683252 -28504.766146503054 280.23312498848077 -28504.766146503054 14405.094583869293 5597.4249667258473 280.23312498848009 5597.4249667258473 106104.71321200982
122 122
25483.350738942576 9153.5197238438923 3494.5934161975979 9153.5197238438923 6865.1861513064059 -6729.177658712314 3494.5934161975974 -6729.177658712314 28729.047954934122
123 123
8341.4417824316079 3316.6825345303191 -391.09180653753594 3316.6825345303191 2030.0409804968863 959.24304417012218 -391.09180653753594 959.24304417012218 11300.99087535873
124 124
14989.456880549013 -10659.474761374511 -4731.3079906964986 -10659.474761374509 9802.6758241084754 -2694.2250535102894 -4731.3079906964986 -2694.2250535102894 26770.722109060058
125 125
156017.57592366205 12277.513946229754 -2027.876972521218 12277.513946229754 11728.803834258895 19499.420260916184 -2027.8769725212176 19499.420260916184 168011.53726857674
126 126
35938.197515759421 8315.5392050806076 1951.6153151582853 8315.5392050806076 5404.2981433904042 -5935.5283048895544 1951.6153151582841 -5935.5283048895544 40618.186931147742
127 127
37947.221331481662 -26393.72581533821 623.68196412829514 -26393.72581533821 20498.923569964812 3806.847158888078 623.68196412829479 3806.847158888078 67897.021966280139
128 128
20489.248798874436 -4310.4081173455315 -959.81443555684064 -4310.4081173455315 2182.0013797917613 -2457.2944671853938 -959.81443555684086 -2457.2944671853934 23012.15416870459
129 129
6262.0195896771129 -4184.9618128226666 -2444.912174289881 -4184.9618128226666 4165.2305996075702 -1783.8399092077439 -2444.912174289881 -1783.8399092077439 10967.001174735835
130 130
3306.4455691779362 1147.4542440833982 164.47094218100793 1147.4542440833982 674.02610124892135 -307.74225043984057 164.47094218100793 -307.74225043984057 3997.6543809862706
131 131
4052.5498471957412 1098.9216352752912 2113.4428699559976 1098.921635275291 3190.5103461709227 -763.04574193354301 2113.4428699559976 -763.0457419335429 1970.991108107293
132 132
3680.1420244449955 902.91727087449112 3001.9093873259844 902.91727087449112 4363.7300764426345 -207.09682143728804 3001.9093873259844 -207.0968214372881 2830.6162360478047
133 133
5713.3738953119364 2124.682595714828 7523.1042248007716 2124.6825957148285 10657.807915792779 -1104.4573149779724 7523.1042248007716 -1104.4573149779726 11548.289811672734
134 134
36512.310475859602 -3032.1967473256836 13528.825994997416 -3032.1967473256846 29313.071604999142 12432.523491410546 13528.825994997416 12432.523491410546 11590.403334308525
135 135
41975.313484704959 3529.7015543735411 -5195.8295651526651 3529.7015543735411 25847.72000575922 14880.734616491682 -5195.8295651526641 14880.734616491682 14628.378946378602
136 136
12491.916121618036 8037.459795154522 -1208.4165477891204 8037.459795154522 6737.2843764681256 1786.159833473296 -1208.4165477891208 1786.159833473296 21183.064022349801
137 137
6487.5900874371437 4801.7755228608357 2720.420162880404 4801.7755228608357 5784.9166535568302 -1732.1794830730894 2720.4201628804035 -1732.1794830730894 12298.227470136322
138 138
34865.131979136422 17449.656844857142 22620.98797002788 17449.656844857145 32320.316951728284 -12011.91954720407 22620.987970027883 -12011.91954720407 42817.853663143367
139 139
5578.082948254847 2118.486086077161 2679.1887675619032 2118.486086077161 4432.9346322304218 -1956.6850620134751 2679.1887675619032 -1956.6850620134751 4120.7551638554032
140 140
7881.1731312910424 -9272.9446996308361 -6649.5581226882805 -9272.9446996308361 15261.10866023121 -1788.0298859443174 -6649.5581226882814 -1788.0298859443171 28916.295832641888
141 141
9417.3102975135407 -7744.9995489211497 -9383.1924209718909 -7744.9995489211497 15300.763899308293 -2975.3909228282555 -9383.1924209718909 -2975.3909228282555 23403.568218648408
142 142
35419.299558752034 -3917.6802193521467 -4807.9534560745806 -3917.6802193521476 15558.326061535079 -14412.789601993047 -4807.9534560745806 -14412.789601993049 16092.170896729614
143 143
2770.0400107212663 -2371.0885128142218 -338.90852705514999 -2371.0885128142218 2175.9279876165215 -61.6223224140439 -338.90852705515005 -61.622322414043936 5730.2563338979489
144 144
20224.305522096769 -6241.9347426977483 -687.08041445711956 -6241.9347426977483 3111.1097423463721 -540.94677026025408 -687.08041445712001 -540.94677026025397 25030.1382946581
145 145
25739.570095508778 5805.5577525796125 502.17576510543512 5805.5577525796125 2145.315387154692 -1830.3811607412779 502.17576510543569 -1830.3811607412779 28575.493933311387
146 146
104364.41505150204 -17139.574791141018 -5550.3758040136763 -17139.574791141022 9160.8747442048189 -14338.952138218852 -5550.3758040136745 -14338.952138218852 115459.83281491244
147 147
24708.409570874421 2929.359274600587 -230.51094091876098 2929.359274600587 2212.6869761457565 2974.6354583879693 -230.51094091876098 2974.6354583879688 27068.749515746502
148 148
23537.92455963379 -19408.889202181548 -1319.3669976288572 -19408.889202181548 17376.407244960756 -207.97065263720728 -1319.3669976288575 -207.970652637207 49987.641868207764
149 149
754.66770110950279 679.60073389834213 24.011730973998471 679.60073389834213 612.34493374068109 0.46140727421534489 24.011730973998468 0.46140727421531014 1301.7456210898254
150 150
15730.291635583382 -1842.7617851129996 1331.1572615663481 -1842.7617851129999 10697.734813596959 6475.7498656655252 1331.1572615663486 6475.7498656655243 6467.9650091830899
151 151
60949.293594762967 118.86710419773954 -6343.172332845128 118.86710419773954 35464.73994611876 21823.03400128919 -6343.172332845128 21823.03400128919 17360.68151602647
152 152
65560.424093598413 18256.997863526929 45822.257869229892 18256.997863526929 56587.875917764992 -13426.301694299958 45822.257869229892 -13426.301694299957 50855.949749033782
153 153
145699.5372975959 28652.087375785537 -25706.957859934504 28652.087375785537 54024.577780109445 61440.427371126185 -25706.957859934504 61440.427371126185 138504.48552243566
154 154
4140.0391576905486 2379.7707537531173 1347.872172018936 2379.7707537531173 2519.173957563873 -1218.8965933161514 1347.872172018936 -1218.8965933161514 5996.1593458777643
155 155
5888.4043818823993 2608.3336176595294 -130.8438579681669 2608.3336176595294 1507.7903306499777 243.96638444988469 -130.84385796816682 243.96638444988471 7388.9650046464749
156 156
4115.3141820498622 -3053.9357200107543 -1063.1374702046389 -3053.9357200107543 2577.4638948627344 -402.44735454893026 -1063.1374702046389 -402.44735454893021 7838.5068230346815
157 157
66575.200951518025 7249.2857604304272 5715.8261939894255 7249.2857604304272 26447.686767123265 -28539.995979545918 5715.8261939894255 -28539.995979545918 38464.392834970335
158 158
112674.83064283227 838.05226332041161 126.06072202029813 838.05226332041252 7439.1348342333722 -7338.9236676323299 126.06072202029813 -7338.9236676323289 122867.89301837824
159 159
39065.486843104663 8271.1049175075841 320.98094045377627 8271.1049175075841 4219.9744277058671 -202.94438056726571 320.98094045377661 -202.94438056726554 45642.670913668859
160 160
72198.168218678533 16913.219197738814 14607.210675343096 16913.219197738814 26574.734476929516 -28995.610022877569 14607.210675343098 -28995.610022877569 59744.734763188419
161 161
16891.789320158714 -13775.67270119591 141.11494243519542 -13775.67270119591 12400.307777656457 3111.4044844602658 141.11494243519542 3111.4044844602658 37459.875397151438
162 162
68846.394951544455 10991.691863160275 -1558.71841796423 10991.691863160275 5874.6788386569069 10054.890125422331 -1558.7184179642302 10054.890125422333 72579.019720738565
163 163
2625.3604279933093 2908.5081821882386 1059.2256620700318 2908.5081821882386 3742.4910507757309 -295.05141253182228 1059.2256620700318 -295.05141253182234 7553.8308814754146
164 164
